point     x     y slice color    ID
    0   250   363     1     0     2
    1   255   355     1     1     3
    0   256   355     2     0     4
    1   251   362     2     1     5
    2   329    43     2     2     6
    0   255   356     3     0     7
    1   251   364     3     1     8
    2   277   229     3     2     9
    3   326    45     3     3    10
    0   279   228     4     0    11
    1   456    68     4     1    12
    2   324    43     4     2    13
    0   280   229     5     0    14
    1   321    41     5     1    15
    2   454    66     5     2    16
    0   327    40     6     0    17
    1   453    66     6     1    18
    0   269   243     7     0    19
    1   327    40     7     1    20
    2   453    64     7     2    21
