point     x     y slice color    ID
    0   256   355     1     0     1
    1   249   363     1     1     2
    0   251   364     2     0     3
    1   256   356     2     1     4
    2   278   232     2     2     5
    3   328    44     2     3     6
    4   458    66     2     4     7
    5   452    73     2     5     8
    0   251   364     3     0     9
    1   255   357     3     1    10
    2   278   230     3     2    11
    3   326    45     3     3    12
    0   457    69     4     0    13
    1   324    44     4     1    14
    2   279   229     4     2    15
    0   280   229     5     0    16
    1   321    42     5     1    17
    2   453    66     5     2    18
    3   456    69     5     3    19
    0   327    41     6     0    20
    1   453    65     6     1    21
    2   270   243     6     2    22
    0   327    41     7     0    23
    1   453    65     7     1    24
    2   268   242     7     2    25
