point     x     y slice color    ID
    0    30    25     1     0    58
    1    47   290     1     1    59
    2   264   401     1     2    60
    3   369   306     1     3    61
    4   440   264     1     4    62
    0    28    26     2     0    63
    1   370   306     2     1    64
    2   372   317     2     2    65
    3   441   265     2     3    66
    4   310   286     2     4    67
    5   264   401     2     5    68
    6   260   401     2     6    69
    7    48   292     2     7    70
    0    28    27     3     0    71
    1    48   291     3     1    72
    2   260   401     3     2    73
    3   263   401     3     3    74
    4   310   283     3     4    75
    5   370   301     3     5    76
    6   369   316     3     6    77
    7   441   263     3     7    78
    0    25    25     4     0    79
    1   191   283     4     1    80
    2   262   401     4     2    81
    3   310   283     4     3    82
    4   369   305     4     4    83
    5   371   316     4     5    84
    6   441   263     4     6    85
    0    26    25     5     0    86
    1   190   284     5     1    87
    2   311   284     5     2    88
    3   442   263     5     3    89
    4   370   306     5     4    90
    5   370   315     5     5    91
    6   259   403     5     6    92
    7   263   401     5     7    93
    0   192   284     6     0    94
    1   443   264     6     1    95
    2   372   306     6     2    96
    0   193   285     7     0    97
    1   312   286     7     1    98
    2   441   263     7     2    99
    3   372   306     7     3   100
    4   370   316     7     4   101
