point     x     y slice color    ID
    0   309   219     1     0    36
    1   303   200     1     1    37
    0   101   282     2     0    38
    1   316   216     2     1    39
    0   101   282     3     0    40
    1   273   430     3     1    41
    2   318   213     3     2    42
    0   101   280     4     0    43
    1   320   208     4     1    44
    2   273   430     4     2    45
    0   100   282     5     0    46
    1   317   218     5     1    47
    2   293   265     5     2    48
    3   273   428     5     3    49
    0   100   282     6     0    50
    1   317   216     6     1    51
    2   267   417     6     2    52
    3   274   429     6     3    53
    0   101   279     7     0    54
    1   267   412     7     1    55
    2   292   261     7     2    56
    3   309   215     7     3    57
