point     x     y slice color    ID
    0     9   480     1     0   150
    1   257   494     1     1   151
    2   216   216     1     2   152
    3   301   261     1     3   153
    4   489   219     1     4   154
    5   157   272     1     5   155
    6   228   390     1     6   156
    7   113   354     1     7   157
    0   215   215     2     0   158
    1   158   273     2     1   159
    2   487   219     2     2   160
    3   302   264     2     3   161
    4    96   446     2     4   162
    5     8   480     2     5   163
    6   258   491     2     6   164
    7   116   353     2     7   165
    8   228   389     2     8   166
    0    10   481     3     0   167
    1    95   443     3     1   168
    2   116   354     3     2   169
    3   160   274     3     3   170
    4   258   492     3     4   171
    5   366   356     3     5   172
    6   301   265     3     6   173
    7   216   213     3     7   174
    0    94   444     4     0   175
    1     9   482     4     1   176
    2   163   274     4     2   177
    3   366   357     4     3   178
    4   260   490     4     4   179
    5   302   268     4     5   180
    6   115   354     4     6   181
    7   119   353     4     7   182
    0   164   274     5     0   183
    1    94   443     5     1   184
    2   366   357     5     2   185
    3   258   491     5     3   186
    0    92   445     6     0   187
    1   367   357     6     1   188
    2   164   276     6     2   189
    0    91   445     7     0   190
    1   366   359     7     1   191
