point     x     y slice color    ID
    0   191   320     1     0   192
    1   199   320     1     1   193
    2   201   245     1     2   194
    3   205   245     1     3   195
    4   257   199     1     4   196
    0   258   200     2     0   197
    1   202   247     2     1   198
    2   199   321     2     2   199
    3   192   319     2     3   200
    0   203   323     3     0   201
    1   202   246     3     1   202
    2   259   199     3     2   203
    0   260   198     4     0   204
    1   205   246     4     1   205
    2   175   410     4     2   206
    0   176   411     5     0   207
    1   202   247     5     1   208
    2   258   200     5     2   209
    0   203   248     6     0   210
    1   178   412     6     1   211
    0   176   412     7     0   212
