point     x     y slice color    ID
    0   156   314     1     0   124
    1    90   255     1     1   125
    2    98   267     1     2   126
    3    91   260     1     3   127
    4   266    82     1     4   128
    5   405   206     1     5   129
    0   267    83     2     0   130
    1   278    75     2     1   131
    2   406   208     2     2   132
    3   157   314     2     3   133
    4    91   254     2     4   134
    5    93   258     2     5   135
    6   100   267     2     6   136
    0    91   255     3     0   137
    1   158   315     3     1   138
    2   267    84     3     2   139
    0   157   314     4     0   140
    1    92   253     4     1   141
    2   281    74     4     2   142
    3   267    83     4     3   143
    4   345   143     4     4   144
    0   281    74     5     0   145
    1   350   144     5     1   146
    0   284    74     6     0   147
    1   351   146     6     1   148
    2   350   166     6     2   149
