point     x     y slice color    ID
    0   459    65     1     0   251
    1   266   326     1     1   252
    2   355   354     1     2   253
    3   158   299     1     3   254
    4   191   373     1     4   255
    0   459    63     2     0   256
    1   355   354     2     1   257
    2   268   325     2     2   258
    3   192   374     2     3   259
    0   458    63     3     0   260
    1   103    27     3     1   261
    2   266   324     3     2   262
    3   354   355     3     3   263
    0   459    62     4     0   264
    1   352   356     4     1   265
    2   266   325     4     2   266
    0   104    27     5     0   267
    1   460    64     5     1   268
    0   461    63     6     0   269
    1   104    29     6     1   270
    0   102    29     7     0   271
