point     x     y slice color    ID
    0   163   153     1     0   102
    1   193   272     1     1   103
    2   316   301     1     2   104
    3   106   437     1     3   105
    0   163   153     2     0   106
    1   194   272     2     1   107
    2   318   299     2     2   108
    3   108   436     2     3   109
    0   163   153     3     0   110
    1   193   273     3     1   111
    2   315   299     3     2   112
    3   104   436     3     3   113
    0   243   438     4     0   114
    1   193   273     4     1   115
    2   163   152     4     2   116
    0   244   438     5     0   117
    1   163   153     5     1   118
    2   192   272     5     2   119
    0   164   153     6     0   120
    1   243   437     6     1   121
    0   243   438     7     0   122
    1   163   155     7     1   123
