point     x     y slice color    ID
    0   409   282     1     0   213
    1   292   317     1     1   214
    0    37   428     2     0   215
    1   394   177     2     1   216
    2   409   163     2     2   217
    3   408   281     2     3   218
    4   294   316     2     4   219
    0   411   164     3     0   220
    1   392   175     3     1   221
    2   409   280     3     2   222
    3   292   316     3     3   223
    4    35   427     3     4   224
    0    36   427     4     0   225
    1   410   162     4     1   226
    2   393   173     4     2   227
    3   408   281     4     3   228
    4   400   296     4     4   229
    0   411   162     5     0   230
    1   393   174     5     1   231
    2   400   297     5     2   232
    3   408   282     5     3   233
    4   295   317     5     4   234
    5    36   428     5     5   235
    0    36   430     6     0   236
    1   198   388     6     1   237
    2   187   387     6     2   238
    3   294   318     6     3   239
    4   400   295     6     4   240
    5   411   162     6     5   241
    6   270   244     6     6   242
    0   413   163     7     0   243
    1   394   171     7     1   244
    2   401   297     7     2   245
    3   268   246     7     3   246
    4   292   315     7     4   247
    5   186   388     7     5   248
    6   197   389     7     6   249
    7    36   429     7     7   250
